Writing the first 32Kb on the Memory
Done
----------------------------------------------------------------- 
  
 End of initialization 
11001110
11101101
01100110
01100110
11001100
00001101
00000000
00001011
00000011
01110011
00000000
10000011
00000000
00001100
00000000
00001101
00000000
00001000
00010001
00011111
10001000
10001001
00000000
00001110
11011100
11001100
01101110
11100110
11011101
11011101
11011001
10011001
10111011
10111011
01100111
01100011
01101110
00001110
11101100
11001100
11011101
11011100
10011001
10011111
10111011
10111001
00110011
00111110
